Control
38913075
38264934
38922401
38816401
38268823
38927375
38863505
38306134
38851485
38845955
38901324
38901324
38977215
38964233
38980132
39306082
38864124
38220223
38497943
38729942
38497325
38754573
38863521
38497943
38729942
38497325
38754573
38820421
38863521
38757571
38497943
38729942
38497325
38820421
38863521
38757571
38863521
38729942
38461303
38745443
38276693
38276693
38946735
38836493
38347693
38967715
38967715
38967715
38967715
38987621
38987621
38355882
38355882
38353173
38353173
38849852
38849852
38988025
38129003
38893592
38273983