38913075
38264934
38922401
38816401
38268823
38927375
38863505
38306134
38851485
38845955
38901324
38901324
38977215
38964233
38980132
39306082
38864124
38220223
38497943
38729942
38497325
38754573
38863521
38497943
38729942
38497325
38754573
38820421
38863521
38757571
38497943
38729942
38497325
38820421
38863521
38757571
38863521
38729942
38461303
38745443
38276693
38276693
38946735
38836493
38347693
38967715
38967715
38967715
38967715
38987621
38987621
38355882
38355882
38353173
38353173
38849852
38849852
38988025
38129003
38893592
38273983
38355492
38366951
38268501
38296261
38268721
38303021
38829284
38397151
38713962
38868801
38295105
38538184
38811354
38743823
38001933
38872915
38372842
38873644
38271685
38478122
38729824
38269455
38727592
38864491
38993703
38419131
38360175
38360484
38354315
38500385
38812091
38530584
38351731
38537285
38813704
38988884
38749882
38364365
38281004
38003192
38832415
38274484
38959602
38891524
38546925
38962215
38302944
38418795
38895531
38898131
38841943
38860701
38770993
38535791
38263412
38519813
38316074
38659362
38290061
38871964
38753064
38210854
38969212
38268551
38473554
38742194
38945373
38272665
38271363
38363584
38270744
38374213
38508163
38652182
38859611
38388762
38439673
38857261
38959034
38282584
38001491
38416073
38283831
38285642
38496251
38860293
38991743
38955454
38117645