20120647742002710948002214744
20131708328001952259001794144
20133049836004624200004005665
20135784347003177541002756586
20140250857003188122002663036
20141109910003000375002485665
20141229525004778572004005665
20142147220004464296003855985
20142147875004624200004005665
20142666120004624200004005665
20142794447004624200004005665
20143121314004624200004005665
20143121772004405132003800604
20143149464002854183002350205
20143419852004624200004005665
20143485480004624200004005665
20143511481004511940004005665
20144653174004624200004005665
20145465843004624200004005665
20145515158004186063003595542
20147061413004624200004005665
20147737913004821300004005665
20148027774004624200004005665
20148147524003845295003278670
20148181536004624200004005665
20149621548004377850003595542
20160027658004624200004005665
20160079976004854314004005665
20160110725004624200004005665
20160244225003289801002756586
20160704595004624200004005665
20160791153004624200004005665
20161081478004405132003800604
20161722279003213923002688856
20162129512004624200004005665
20162552067004624200004005665
20163295041004611340004005665
20164047424004826543004005665
20164426700004821300004005665
20164569072004405132003800604
20164674054003289801002756586
20164678262004621342004005665
20164680496003769895003390481
20165613296002670862002398922
20166147507004183547003595542
20166202222004624200004005665
20166383022004506225004005665
20166567336004376266003595542
20166616531004624200004005665
20166623295004624200004005665
20166625093004624200004005665
20167336796002869865002485665
20167537848004624200004005665
20168206667004238895003595542
20168429402004618485004005665
20168580984004624200004005665
20168848448004624200004005665
20168850167004624200004005665
20169728853004514667003903135
20169996467004828668004005665
20170729146004815645004005665
20170805977004621342004005665
20171239134004615627004005665
20171243611004624200004005665
20171396760003829059003445862
20171398518004123863003390481
20171612714004183547003595542
20171705968003197475002485665
20172965866003286167002756586
20173302003002997192002485665
20173705221004621342004005665
20173933593004624200004005665
20173965649003140786002756586
20174563129003000375002485665
20174679631003000375002485665
20174893382004624200004005665
20174982342003175724002756586
20174983713004624200004005665
20175024183004150744003390481
20175118374004778211004005665
20175242865003370291002756586
20175262114004624200004005665
20175484656004821300004005665
20175622838004624200004005665
20175747517004311982004005665
20175747894004511940004005665
20175841769004186063003595542
20176191849003173907002756586
20176707829002688856002688856
20176754126004658663003855985
20176774836002928054002417970
20176801469004624200004005665
20177314774004624200004005665
20177390381004624200004005665
20177441822004618485004005665
20177442195004808440004005665
20177649245004820738004005665
20177791742004624200004005665
20178065085004621342004005665
20179089425003289801002756586
20179089697004511940004005665
20179118328004808376004005665
20179120446003867793003595853
20179234816003289801002756586
20179277906004290185003800604
20179319943004624200004005665
20179667879004624200004005665
20179668298004624200004005665
20179669790002381619002011554
20179672503003287984002756586
20179914647004621342004005665
20180370626004821300004005665
20180410156003966995003390481
20180410369004378131003595542
20180410539003289801002756586
20180907751003000788002487670
20181012693004621342004005665
20181023539002888115002485665
20181024128004071287003595542
20181838931004621342004005665
20181845148003287984002756586
20182119858004624200004005665
20182540855004624200004005665
20182602486004186063003595542
20183721446004839957004005665
20183768167004518700003912115
20183768310004623347004007670
20184060699004624200004005665
20184405424004621342004005665
20184687845004427100004005665
20184782368004624200004005665
20184785170003289801002756586
20184795419004511940004005665
20184952433002450532002147014
20185150144004624200004005665
20185427146004744658004005665
20185592856004005665004005665
20185893252003287984002756586
20185917895004624200004005665
20185942717002485976002485976
20186038984003289801002756586
20186170661004618485004005665
20186921438004624200004005665
20187442096004618485004005665
20187757925002710948002214744
20200606982004709040004005665
20200726775004621342004005665
20201278466003140786002756586
20201511675004405132003800604
20201525323004509082004005665
20201525714003289801002756586
20201534497004821300004005665
20201534594004621342004005665
20201536228004511940004005665
20201546843004624200004005665
20201557063004818442004005665
20201561877004624200004005665
20201570019002820537002606906
20201574146004399758003800604
20201588716004818442004005665
20201707316004183547003595542
20203071427003052762002350205
20203271108004511940004005665
20203271388004075808003597547
20203273771004621342004005665
20203349719004640708003800604
20203536411004624200004005665
20204204048003374641002756586
20204220264004624200004005665
20204793671002854113002350205
20204866423002929411002419327
20204951447004201607004005665
20205060236004618485004005665
20205134450004624200004005665
20205380893004509082004005665
20205475622003051519002350205
20205504045004389865004005665
20205577735004702815004005665
20205781421004618485004005665
20205782762004809930004005665
20205794426004621342004005665
20205911112004624200004005665
20205912771004427100004005665
20206026759004292872003800604
20206054221003000375002485665
20206271745004624200004005665
20206382482003173907002756586
20206583232004590555004005665
20206821354004624200004005665
20207289222004444440003800604
20207324664004618485004005665
20207326500004818442004005665
20207600637004709040004005665
20207773264004621342004005665
20208875591002349165001876093
20208980158003073056002688856
20208981588003289801002756586
20209005248002524510002335985
20209599830004618485004005665
20210182102004621342004005665
20210695290004709040004005665
20211706954004311982004005665
20211757389004624200004005665
20213270231004621342004005665
20213407660003747926003185419
20213415574004188068003597547
20213418328003102701002756586
20213422961004186063003595542
20213426169004186107003595586
20213432991003289801002756586
20213439236004164095003390481
20213442032004621342004005665
20213454839004394090003903135
20213455304004381298003595542
20213455959004405132003800604
20215393950004618485004005665
20215478786004821300004005665
20215628621004383207003595586
20216321546004524260003912115
20216429436004624200004005665
20216786379003105185002688856
20216788975004186107003595586
20216869436004694684004005665
20216931239004621342004005665
20217011451004051835003390481
20217012083004618485004005665
20217090815004618485004005665
20217258813002710992002214788
20217679967004514667003903135
20217863555004821300004005665
20218220658004615627004005665
20218299351002854183002350205
20218305556002911901002181586
20218970533004621342004005665
20218972560004818442004005665
20219100052004514667003903135
20219100966004624200004005665
20219135794004183547003595542
20219426489003286167002756586
20219427566002840471002335985
20219481587004818503004005665
20219681985003393001002756586
20219696834004514667003903135
20219915730004618485004005665
20220089151003287984002756586
20220277993003020345002688856
20220701310004621342004005665
20221047010004788357004005665
20221185995004506225004005665
20221423799002855662002350205
20221428251004183547003595542
20221780842004399634003903135
20221953305004183547003595542
20222149313002597322002214744
20222420246003186383002663036
20222489297004412000003912115
20222742235004292872003800604
20223522085003966995003390481
20224055774004624200004005665
20224151013004621342004005665
20224185260002855662002350205
20224539666003214466002689399
20225771880004316867004005665
20226245619003287984002756586
20226620134004380647003595542
20226773755004621342004005665
20226773895004297602003700077
20226877623003177541002756586
20227220261004856918004005665
20227633426002745406002352209
20227633434004618485004005665
20227633469004183547003595542
20227671026003031124002621126
20227709066004624200004005665
20227830159003747926003185419
20228445305004624200004005665
20228970736003289801002756586
20229098331004403414003595542
20229560132002092193001740633
20229951360004405132003800604
20230390895003175724002756586
20230401722004506225004005665
20230412740004624428004005893
20230485195003156091002485665
20231376098004183547003595542
20231376365004624200004005665
20231613243004183547003595542
20231626248004082273003698073
20232821729004514667003903135
20232983095003966995003390481
20233058034003289801002756586
20233207137003638392003082888
20233216357003414906002980669
20233216454003966995003390481
20233386775002710948002214744
20233503739003966995003390481
20234102673003077866002665040
20234320441004621342004005665
20234961501003217445002688856
20235554020004181031003595542
20236001394004621342004005665
20236217788004818442004005665
20236843530004618485004005665
20236906796004183547003595542
20237190484002888527002487669
20237274378004821300004005665
20237400500004511940004005665
20237403569004621342004005665
20237407874004706222003903135
20238008809004076529003493011
20238047901003000410002485700
20238110204004618485004005665
20238268460004506350003903135
20238286760004702815004005665
20239629920002710948002214744
20239732551002598944002214744
20240061466004624200004005665
20240630061003000419002485709
20240682940002886523002485665
20240745020003177541002756586
20240746183004509082004005665
20241476090004621342004005665
20241476562004624200004005665
20241898645003000375002485665
20241899692004621342004005665
20242019297002710948002214744
20242404875003966995003390481
20242799942003000419002485709
20243116520004621342004005665
20243691924003196912002485665
20243831254002928019002417935
20244234756003409987002688856
20244293698004816578004005665
20244320970003001170002486460
20244445803002929411002419327
20245129131003000444002485734
20245197153004076564003493046
20245779063003419324002877827
20246678066004396862003903135
20247026860003390922003035739
20247128000002855662002350205
20247260014004621342004005665
20247328476004514667003903135
20247873598004506225004005665
20247940635003483267002756586
20248131161004396862003903135
20248404141002710948002214744
20248738465004405132003800604
20249896668004402445003800604
20249896862004078534003495016
20250040564002600693002216749
20250086076003769895003390481
20250360844003215684002688856
20250637056004078534003495016
20250959037002710948002214744
20250990031002855662002350205
20251248991003143384002621126
20251599506004711767003903135
20251631795002530057002045419
20251723525004185551003597546
20251743321002783306002282475
20251866326003073056002688856
20251866709004078534003495016
20251909408003857461003287950
20252009192003145089002621126
20252080512004624200004005665
20252177648004624200004005665
20252255096004819887004007670
20252816756002493879002011554
20252817329003000375002485665
20252909533003172090002756586
20252909746003178336002757381
20253113627003044937002486460
20253577410003966995003390481
20253680734004186063003595542
20253828847003747926003185419
20254080986002566236002079284
20254157581003828149003392485
20255291239003857461003287950
20256442281003966995003390481
20256444381002803275002485665
20256680530002454727002081288
20256680735003966995003390481
20256933803004156941003857990
20257301746004164095003390481
20258596367003638392003082888
20258609086003966995003390481
20258609469004621342004005665
20258807082002928019002417935
20259260044004186063003595542
20259261075002710948002214744
20259646198004186063003595542
20259723907003000375002485665
20260599683002638592002147014
20260786076002566236002079284
20260786416002280673001943824
20260976355004405132003800604
20260976991002666675002282475
20261253764003964650003390481
20261376394003000375002485665
20261435080002530057002045419
20261589681002997192002485665
20261895715004076529003493011
20262094783003215684002688856
20262622992002928019002417935
20262765041004709040004005665
20262917917002710948002214744
20263468628002855662002350205
20263819986003857461003287950
20263948514004174045003595542
20263968884003747926003185419
20264109796002928054002417970
20264386390004186063003595542
20264392595002855662002350205
20264489459002530057002045419
20264489572002855662002350205
20264489742003105185002688856
20265029230003966995003390481
20265029311002638592002147014
20265300147003966995003390481
20265311289002855662002350205
20265648933003638392003082888
20265976892002710948002214744
20266472561004511894003903135
20266951192003125119002417935
20267242624003000375002485665
20267636347004674735004005665
20267702226003000375002485665
20267991821004095772003800604
20269641100003964650003390481
20269931230003966995003390481
20270214100003935868003650924
20270479228003966995003390481
20271691107004186063003595542
20272159735002965214002268255
20272932388004514667003903135
20274074559002598688002214744
20274855801004624200004005665
20274956594002855662002350205
20276737776004076529003493011
20277530474002710948002214744
20278529348004076529003493011
20278682014003000419002485709
20279078811002710948002214744
20279087810002421523001943824
20279174306002930023002419939
20279804962004624200004005665
20281251946002690979002011554
20283548784002493879002011554
20283671861003966995003390481
20284006543003197475002485665
20284051263002855662002350205
20284686420002857210002351753
20284803672002426302002132795
20285306451002710948002214744
20285357439004618485004005665
20285357870004624200004005665
20285357986002421523001943824
20285771537002783306002282475
20285874875002566236002079284
20285949662006844644005761266
20285950334003966995003390481
20285951772002855662002350205
20286378383003747926003185419
20286444424002709582002214744
20287014733002710948002214744
20289189743002163522001808363
20290061912001905055001861874
20290125759002855662002350205
20290512973002783306002282475
20290688184003810511003287950
20291448411003638436003082932
20291779353002626467002135664
20292374497003125119002417935
20292389818002421523001943824
20292851813002783306002282475
20294094831003966995003390481
20294485474002598688002214744
20294516094003966995003390481
20296036227002928019002417935
20298143004002417797002045419
20298447712002855662002350205
20299179355002710948002214744
20301070641002598944002214744
20301478691002401588002214744
20303181416002240631001774498
20305778584002781883002282475
20308811507003859465003289954
20310815218002710948002214744
20311578112002855662002350205
20311689054002429619002045419
20312138302003000375002485665
20312486262002783306002282475
20312500273002710948002214744
20313367127002937705002350205
20314745184003747926003185419
20314907796003276991002929092
20318409731002710948002214744
20319726838003474091002929092
20319911341003747926003185419
20325066483002783306002282475
20325089815002780461002282475
20326639215002930023002419939
20326639703002638592002147014
20326640396003747926003185419
20327130774002530057002045419
20328942128003857461003287950
20330621118003747926003185419
20330997282002421523001943824
20332077601003635666003185419
20332079930002710948002214744
20332103394002530057002045419
20333518342002710948002214744
20333850487002658332002271897
20334535054002045027001639038
20336219141002638592002147014
20336258619002421523001943824
20336383596002530057002045419
20336394059002977609002282475
20336477396002710948002214744
20338872020004156536003494403
20338873701002710948002214744
20338888016002530057002045419
20338888318003638392003082888
20339586048002710948002214744
20341721262002598688002214744
20346939282002421523001943824
20350539671002638592002147014
20352105997002240631001774498
20352518701002329232002147014
20354766362003638392003082888
20357395063001919805001658683
20357395810002401588002214744
20357397961003638392003082888
20357453721003802312003185419
20357465053003474091002929092
20357466777004137375003390481
20358453393002638592002147014
20358457984002526332002147014
20359137088002128371001774498
20359174005003185419003185419
20361366310003000375002485665
20365173142002349165001876093
20366418092003313292002929092
20367135493002530057002045419
20371288903002167719001794144
20375422213002638592002147014
20383689423003112689002775296
20394492362002530057002045419
23139691814003287984002756586
23140789704003959329003698073
23144925289004624200004005665
23149690239004427100004005665
23160077689003217688002690860
23160988789004624200004005665
23164277259002834119002417935
23165424174004812727004005665
23166579104003177541002756586
23166624894004821300004005665
23167337414002855662002350205
23168847769004621342004005665
23168848994004435970004007393
23169346569004624200004005665
23169996814004385167003597546
23170434714004621342004005665
23170665864002710948002214744
23171649994004624200004005665
23175638369003287984002756586
23176623454004621342004005665
23176872489004070195003390481
23177194344003913899003445862
23178898299004624200004005665
23179108224004624200004005665
23179108569004624200004005665
23179109689003291805002758590
23179875934002932797002606906
23180384189003173907002756586
23180410104003002087002487377
23182119849004624200004005665
23182621064004624200004005665
23184097354004099077003903135
23184952904004621342004005665
23187343194003307957002775296
23201525489004829400004005665
23201528879003419359002877862
23201530024002855662002350205
23201555809004624200004005665
23204035164004183547003595542
23204226474003145089002621126
23204602549004621342004005665
23206728264003288511002757113
23206728884002276809001808363
23209167344002526332002147014
23209167379004624200004005665
23211210354004060200003595777
23211804319003000375002485665
23211814179004511940004005665
23213403974002671627002284479
23213409344004047399003390481
23215972194004624200004005665
23216311809004509082004005665
23216426444004821300004005665
23216427033004427100004005665
23219101449002643371002335985
23219319584004624200004005665
23219756364004695328004005665
23220893154002928054002417970
23221192974004702815004005665
23221870484003702464003702464
23222421764004175999003595542
23222435099004624200004005665
23222997844002712953002216749
23223314864004621342004005665
23223523099004771492004005665
23223932614003289801002756586
23225561419004186063003595542
23226171789004624200004005665
23226681779004624200004005665
23226811044003749930003187423
23227053119004624200004005665
23227671424004727400004005665
23228200824002563730002079284
23229761439004621342004005665
23230511799003177541002756586
23231640304004624200004005665
23232984864002709582002214744
23235297949002394986001876094
23235773384004186063003595542
23235773414002928063002417979
23236151964003966995003390481
23237406389004514667003903135
23238082854003309789002775296
23238269504002998783002485665
23239767869004292872003800604
23240639459004618485004005665
23241331644004621342004005665
23241584194002638592002147014
23241898229002296779002011554
23243467349003855201003287950
23243774179002783306002282475
23244660274003289801002756586
23247333754004838693004005665
23247669779002928019002417935
23248390484003101663002688856
23249505544003000375002485665
23250750544003059091002417935
23252437754004290185003800604
23252437789004509082004005665
23255174894002925407002418394
23255206184003966995003390481
23255842994002643371002335985
23256168979003309789002775296
23257619109003966995003390481
23258109384004273066003493011
23258878639003183763002485665
23262308944002997192002485665
23262525244002783306002282475
23263545494003197475002485665
23263690109003143384002621126
23264489334002855662002350205
23266959079002928019002417935
23267071004003964650003390481
23268135944002709582002214744
23269533404003000375002485665
23272342814002279533001943824
23272972079002998818002485700
23274359609003035954002518969
23277922444002709582002214744
23277938944002566236002079284
23279057554002526332002147014
23279068149004159405003390481
23280559814002638592002147014
23282477874002868146002282475
23283191664002528833002045419
23284758544002710948002214744
23285307074002710948002214744
23285464684003633492003185419
23285952654002783306002282475
23292694814002671046002282475
23293263914002618659002417935
23294439544002734405002350205
23295072504002566236002079284
23296654744002710948002214744
23298109484003966995003390481
23301750579003287984002756586
23301900899002709582002214744
23302799334003747926003185419
23305906034004074098003493011
23306411624002240631001774498
23307747774002478688001997334
23308726789002638592002147014
23312500434002710948002214744
23315261384003638392003082888
23319065474002276809001808363
23319769544002421523001943824
23320934184002710948002214744
23322831714002328024001943824
23326121304002349165001876093
23326639974002710948002214744
23330617314003747926003185419
23331368024002566236002079284
23331372404004514667003903135
23331420794002710948002214744
23332889869003474091002929092
23334136914002710948002214744
23335990854002638592002147014
23336622204002781883002282475
23339273804002417797002045419
23339584133003569619003185419
23339586144002349165001876093
23341995914002638592002147014
23342416764002204453001740633
23342418104002710948002214744
23349190214002421523001943824
23351994894002783306002282475
23357375614003638392003082888
23359173539003314187002779412
23361336844001992161001726413
23364536534003474091002929092
23365173834002530057002045419
23371035664002530057002045419
23381132994002530057002045419
24160244271003859465003289954
24184513893004611340004005665
24219135838002598688002214744
24221694127004818442004005665
24240108867003145158002621195
24273967067002817763002419939
24295466347002441527002147049
24357400771003197529002775296
27121940413004402407003903135
27136030731003217445002688856
27136672822004514667003903135
27140472714002910053002216749
27142793941004125747003493011
27145993291002852705002350205
27147403769003054766002352209
27147489205003289801002756586
27147627306003147093002623130
27149143241003368416002756586
27160027679004514667003903135
27160062733004621342004005665
27161073992004186063003595542
27163302824002710948002214744
27163306285003172090002756586
27163506748003372268002835542
27163512209004624200004005665
27164170220004183591003595586
27164395745004073803003595542
27164569484004619296004006476
27164719060003217445002688856
27164996978003289801002756586
27165389692003289801002756586
27165613886002744197002351000
27165659002004071667003493011
27166349511004183858003595853
27166603582004391870004007670
27166624202003484104002756586
27167720868003217445002688856
27168429474003289801002756586
27168848388004621342004005665
27170273511004073803003595542
27170284785004078534003495016
27170338192003877571003595542
27171228439003000375002485665
27171242040003284350002756586
27171837028004414240004005665
27171858270004183547003595542
27172153408002869865002485665
27172366711003411748002688856
27172479346004509082004005665
27172479508004201607004005665
27172599074004621342004005665
27172719185003289801002756586
27173225488003005326002621126
27173277801004821300004005665
27173539482004621342004005665
27173563332003287984002756586
27173616460002743402002350205
27174152107003147093002623130
27174533267004181031003595542
27174563190004621342004005665
27174563298004624200004005665
27174589009004624200004005665
27174679989004624200004005665
27174910184003854735003390481
27174991818003550826003185419
27175220580004045610003390481
27175220947004618485004005665
27175490456004511940004005665
27175561876003289801002756586
27175638828004157059003390481
27175747937004621342004005665
27175749026004624200004005665
27175833116004612769004005665
27176122299003936663003651719
27176581595004267196003855985
27176633218002780598002200525
27176633552002997192002485665
27176633862003177585002756630
27176707599003289801002756586
27176753590002817152002606906
27177159110004186063003595542
27177160860003177541002756586
27177160879004511940004005665
27177184018003177541002756586
27177194595004186063003595542
27177247001004821300004005665
27177441568004511940004005665
27177441959003177852002756897
27177504985004186063003595542
27177658540002783306002282475
27177659164002855662002350205
27177792190002920645002417619
27177829493003287984002756586
27177829698004618485004005665
27177829906004407136003802608
27177830513004829400004005665
27177940858004618485004005665
27178351317004511940004005665
27178931976004624200004005665
27179104763004405132003800604
27179108599004621342004005665
27179109471004618485004005665
27179109781003289801002756586
27179121307003179253002758298
27179319530003486901002756586
27179444297004068771003595542
27179614907004514667003903135
27179668306003177541002756586
27179698175003497731003240801
27180371376003966995003390481
27180374715004511940004005665
27180404452004705622004005665
27180410398002643371002335985
27180649374004270903003595542
27180900190002597962002216749
27180909481004621342004005665
27181023452004815024004005665
27181023592004223953003595542
27181113249003290596002757381
27181176402004183547003595542
27181176488003528857002980357
27181194494004292872003800604
27181830773004820827004005665
27181843603004186063003595542
27181928765003371844002756586
27182528914002928019002417935
27182540892002998783002485665
27182546238004624200004005665
27182597185002998783002485665
27182621809004608482004005665
27183725489004624200004005665
27184151451004518700003912115
27184161147004618485004005665
27184297936004511940004005665
27184318526004183547003595542
27184352295003289988002758590
27184519394004624200004005665
27184528466004173483003595542
27184795294004268387003595542
27184859225004624200004005665
27185062096004396862003903135
27185062584004624200004005665
27185147059004186063003595542
27185177063004624200004005665
27185326271004702815004005665
27185373474004821300004005665
27185393971003289801002756586
27185509279004405132003800604
27185509619004164095003390481
27185511087003988963003595542
27185534974004818442004005665
27185642246004615627004005665
27185753412002857666002352209
27185787651004314884004005709
27185935359004621342004005665
27185990724004624200004005665
27186015687004624200004005665
27186193801003877211003493011
27186640581002998783002485665
27186681504004621342004005665
27186686239004404449003802608
27187913336003966995003390481
27201288016003289801002756586
27201517600004621342004005665
27201522310003829059003445862
27201523228003526855002980358
27201526537003092701002756586
27201536540004514667003903135
27201536699004618485004005665
27201543741004621342004005665
27201546244004856959004005665
27201548352002710948002214744
27201548891004706182004005665
27201555138004812727004005665
27201561952003444852002756586
27201565206003000375002485665
27201567314003213923002688856
27201572547004511940004005665
27201573063002855662002350205
27201574329004821300004005665
27201575775003177541002756586
27201577115004624200004005665
27201581406004509082004005665
27201585185003517420002756586
27201587153003217445002688856
27201588370003289801002756586
27201627856004624200004005665
27201706586004624200004005665
27202805189003286167002756586
27203008460002241684002065064
27203009521002911901002181586
27203074404004624200004005665
27203270289002621126002621126
27203270300003289801002756586
27203337529003217445002688856
27203337944004511940004005665
27203344495004624200004005665
27203347257004624200004005665
27203536521004671150004005665
27204480368004829400004005665
27204793714002926518002417970
27204866010003381566002756586
27204866746003419324002877827
27204967240002710948002214744
27205020395004624200004005665
27205039266004621342004005665
27205060532004625002004006467
27205196574004071287003595542
27205240123004142637003855985
27205240786004317567003903135
27205442362002531111002335985
27205511607004506350003903135
27205781027003457359003185419
27205781892004511940004005665
27205879051004621342004005665
27205898161004624200004005665
27206045383004624200004005665
27206054064002310532001945093
27206054498003289801002756586
27206054749004686920004005665
27206150802004618485004005665
27206247490004624200004005665
27206382975004618485004005665
27206458300004186063003595542
27206472974004624200004005665
27206860818004618485004005665
27207188412004624200004005665
27207395248004742123004005665
27207562020002851226002350205
27207697619003215684002688856
27207840098001023063001023063
27207870213003197475002485665
27208059632002643371002335985
27208190127002709582002214744
27208487219003289801002756586
27208498334003961838003493011
27208577021002855662002350205
27209119140004511894003903135
27209166564002886834002485976
27209378057004405132003800604
27209586059004624200004005665
27209595783002783306002282475
27209741542004621342004005665
27210270421003175724002756586
27210292166002880949002485665
27210676045002566236002079284
27210800161004402445003800604
27210894077002854183002350205
27211127401003213923002688856
27211599273004297657004005665
27211813933003178336002757381
27213336032004290185003800604
27213406049003457359003185419
27213422567004624200004005665
27213422907003286167002756586
27213423717003287984002756586
27213429901003287984002756586
27213433100004624200004005665
27213438153004290395003698073
27213439338003482287002756586
27213439478004621342004005665
27213441596003291513002758298
27213442436004402407003903135
27213442746002997192002485665
27213442770003287984002756586
27213444781004621342004005665
27213445370003968657003392143
27213448027004621342004005665
27213448086004624200004005665
27213448582003215684002688856
27214210733004511940004005665
27214898026003287984002756586
27215558962003148261002877870
27215807547004602232003800604
27216427683002710948002214744
27216708607003289801002756586
27216780146004621342004005665
27216786438004621342004005665
27216786799004624200004005665
27216787264003495001002756586
27216788007004762192004005665
27216788074003145124002621161
27216790508004624200004005665
27216852724002928487002419939
27216852899004621342004005665
27216855227003259420002728147
27216855847003137419002621126
27217010735003287984002756586
27217011383002820537002606906
27217232797002618659002417935
27217256408004618485004005665
27217256645004753030004126258
27217257943002710948002214744
27217447572004188068003597547
27217657909003143384002621126
27217733621002932797002606906
27217767437004621342004005665
27217991310002748181002539176
27218121093004621342004005665
27218180448004263074003595542
27218248158003968999003392485
27218263645003175724002756586
27218550539004618485004005665
27218574683004621342004005665
27218778335004621342004005665
27218971224003338624002756586
27219100251003421328002879831
27219101754003284350002756586
27219101991002513848002214744
27219150887003346051002756586
27219164640003238989002621126
27219351866003217445002688856
27219484262003000375002485665
27219695204002386398002200525
27219740102004697100004005665
27219894223002748181002539176
27220258403002421523001943824
27220277769003289801002756586
27220320710003289801002756586
27220320753002854183002350205
27220320818004514667003903135
27221078123003229998002756586
27221179590004624200004005665
27221197211003289801002756586
27221234591004726256004005665
27221423955002710948002214744
27221979112004615627004005665
27221979252004186063003595542
27222026992004073803003595542
27222071327002820537002606906
27222087517004624200004005665
27222187643002997192002485665
27222427091004391263003595542
27222438115002852705002350205
27222487574004506225004005665
27223011050004186063003595542
27223011085002643371002335985
27223011964002381619002011554
27223082845003289801002756586
27223128209003020345002688856
27223168308003289801002756586
27223403781003000375002485665
27223473119004511940004005665
27223486466004511940004005665
27223486709002741923002350205
27223489449002926518002417970
27223522349004509082004005665
27223732769002745406002352209
27223837048004624200004005665
27223972247004818503004005665
27224055566003390481003390481
27224059065003526132003082888
27224151689004069965003596736
27224392597004183547003595542
27224639002004618485004005665
27224781747003747926003185419
27225311922003177541002756586
27225317556002856189002350732
27225320557003964650003390481
27225689615003289801002756586
27225816153003175724002756586
27225843479004621342004005665
27225886356004774350004005665
27225984013004511894003903135
27226000513003288252002756586
27226774128003000375002485665
27226812135004621342004005665
27227029973002928019002417935
27227032869003145089002621126
27227032915004511940004005665
27227053815004624200004005665
27227225918004815585004005665
27227633307002600351002216407
27227644171004511940004005665
27228060092004186063003595542
27228396058003289801002756586
27228446187004624200004005665
27228619162002421523001943824
27229560285003000375002485665
27229736642003052762002350205
27229866872004624200004005665
27229951411004621342004005665
27229990824004624200004005665
27230313771003000375002485665
27230511697003289801002756586
27230569601004821300004005665
27230815378004621342004005665
27230822455002930023002419939
27231320186004183547003595542
27231501717003747926003185419
27231580315004621342004005665
27231620619002531111002335985
27231638690003966995003390481
27231640288003289845002756630
27231640407003289801002756586
27231878012004624200004005665
27231883628002710948002214744
27232034411002932797002606906
27232809863004812727004005665
27232821987003961882003493055
27232840205003289801002756586
27232901344004821300004005665
27232901476003286167002756586
27232980090003745245003287994
27233058764002855662002350205
27233216122004511894003903135
27233253842004624200004005665
27233340478004621342004005665
27233351747003289801002756586
27233352131004621342004005665
27233453299002886592002485734
27233504632002530057002045419
27233505221004181031003595542
27233578296002802170002417970
27233738684004855425004005665
27233890923003146480002622517
27234104530001952259001794144
27234109478003217445002688856
27234112509004389865004005665
27234321744002855662002350205
27234509999003747926003185419
27234984301002855713002350256
27235447210004624200004005665
27235577661002888426002485976
27235708197003289801002756586
27235879552002734405002350205
27236557478004509082004005665
27236878673002236907001876094
27236878916003289801002756586
27236947527004186063003595542
27237281107002741923002350205
27237336335003484104002756586
27237402583002943686002756586
27237403989004164095003390481
27237405779002928054002417970
27238007580002493879002011554
27238008781002525801002181586
27238087495005408711004417274
27238110438002528337002149019
27238379437002597322002214744
27238519697002741923002350205
27238602071002710948002214744
27238868381003474091002929092
27238990004002803275002485665
27239168952004074133003493046
27239232448002571014002268255
27239248107004621342004005665
27239272725003747926003185419
27239627744002598944002214744
27239738775004729291004005665
27239945517002439548002067069
27240050159002531111002335985
27240092560003638392003082888
27240445072004405132003800604
27240448535004509082004005665
27240608591004624200004005665
27240609288004815024004005665
27240630589003971781003390481
27240748563004624244004005709
27240750002003964650003390481
27241058919003289801002756586
27241190515004514667003903135
27241330015003175724002756586
27241331909002905251002214744
27241468718002458754002268255
27241813423003289801002756586
27241813563002639288002149019
27241898283004444478003698073
27242404691002854183002350205
27242404861003966995003390481
27242607177002709582002214744
27242609080003000375002485665
27242686980003879429003493011
27242687723004506225004005665
27243178040004511940004005665
27243774476004182496003699833
27243845977002745114002351917
27244147025004621342004005665
27244147440004421639003595542
27244241005002783306002282475
27244293137003145089002621126
27244293862002527608002045419
27244298449002855662002350205
27244299038002388402002202529
27244321939004615627004005665
27244335328003217445002688856
27244575647004818442004005665
27244844753003140776002776625
27245139247004618485004005665
27245704602002855662002350205
27246026233002530057002045419
27246077504002255623002079284
27246616707002710948002214744
27246720113004396862003903135
27246891686003289801002756586
27247296609002836711002282475
27247319021003289801002756586
27247328225002000158001389767
27247329213002783306002282475
27247468507004111925003493011
27247666244002854183002350205
27247897157004078534003495016
27248329322003141680002621126
27248580742004176050003597547
27248991920003988963003595542
27249569289002855662002350205
27249569823003000375002485665
27250022862004078534003495016
27250424855003964650003390481
27250503461002890120002487670
27250603083003000444002485734
27251133536003859465003289954
27251248937002998783002485665
27251599489003896954003595542
27251686063003000375002485665
27251754018002855662002350205
27251754948003082418002485665
27251834410003000375002485665
27251847709003222060002756586
27252009634004818442004005665
27252009898002309263001943824
27252079063004076529003493011
27252176107004405167003800639
27252437741004511940004005665
27252457173002710948002214744
27252760178002566236002079284
27252760593002614016002539176
27252817498004711767003903135
27253018963003966995003390481
27253018971002836267002148898
27253338364002855662002350205
27253338984003217445002688856
27253577385002855662002350205
27253577547002419242001943824
27253577601002783306002282475
27253885241003660361003287950
27254327404002526367002147049
27254382596002045027001639038
27254466080003857461003287950
27254511485002997836002486309
27254634390003051240002485665
27254999844003034833002623130
27255174857003419324002877827
27255823022004514667003903135
27256357890002855662002350205
27256524274002783306002282475
27256681892003416549002690860
27257000791002854183002350205
27257301945002526332002147014
27257488069002930023002419939
27257488557004188068003597547
27257771186004514667003903135
27257771801003414594002980357
27257801840002854183002350205
27258206105002421523001943824
27258376647004073803003595542
27258497843002710948002214744
27258609447003075077002555591
27258799343004509082004005665
27258804126002566236002079284
27258807958002998783002485665
27258878774004186063003595542
27258926728003747926003185419
27259462555004402442003903170
27259531352002353944002065064
27259552244002855662002350205
27259646672004186063003595542
27260167842003336133002621126
27260262462002712953002216749
27260262586002709582002214744
27260402760004829400004005665
27260530130002493879002011554
27260785716004178515003595542
27260894760002010909001626709
27260950865003747926003185419
27260976554003638392003082888
27260992126002857666002352209
27260993653004188068003597547
27261089500002546302002350205
27261714820003747926003185419
27261715290004076529003493011
27261768564002586206002282475
27261895132002591798002147014
27262096810003000375002485665
27262648414002887932002487074
27263290092003002379002487669
27263290106002526332002147014
27263423394002855662002350205
27263468851004186063003595542
27263469122002710948002214744
27263545759004076529003493011
27263948365002643371002335985
27263998672002928019002417935
27264392301002530057002045419
27264489682002952383002756586
27264594370002888115002485665
27265357429004078534003495016
27265528339004405132003800604
27265980126002759393002365173
27266179818003747926003185419
27266294137002096972001929604
27266294374002783306002282475
27266467996002856189002350732
27266951324002566236002079284
27267070879002493922002011597
27267183681002978940002417935
27267293436003964650003390481
27267430778002930023002419939
27267594738002710948002214744
27267635701002928019002417935
27267678095002598944002214744
27267748662004405132003800604
27267814177003747926003185419
27267991885004076529003493011
27268522501004511940004005665
27268831822002855662002350205
27269391486003414545002688856
27269557341002855662002350205
27269931022003966995003390481
27270015196002928487002419939
27270051125003962305003390481
27270306972002743402002350205
27270479982003472130002929092
27271691519003754983003595542
27272216563002660336002273901
27272252721004621342004005665
27272254279003073427002555591
27272289579003528858002980358
27272713664003747926003185419
27272932366004186063003595542
27272932374002998783002485665
27273358981003338780002621126
27273927471004186063003595542
27273967902003638392003082888
27274150241002928019002417935
27274152880002643371002335985
27274483836004621342004005665
27274909965003609991003240801
27275027249003961838003493011
27275071477002783306002282475
27275320361003747926003185419
27275575599002421523001943824
27275597304002598944002214744
27275704054004589706003800604
27276067465003721951002980358
27276085358002526332002147014
27276088705004402445003800604
27276114781003747926003185419
27276146543004074098003493011
27276837406003000375002485665
27277456163002888115002485665
27277491724002928019002417935
27277725881003528857002980357
27277726519002638592002147014
27278529547002855662002350205
27278658711002783306002282475
27278692375002710948002214744
27278736372002997192002485665
27279057215003637670003187423
27279057665002525023002147014
27279057924003749930003187423
27279068225004186858003596337
27279069582003857461003287950
27279069655002783306002282475
27279076473002526332002147014
27279090433003965661003494403
27279135100003000375002485665
27279180262002783306002282475
27279627941002710948002214744
27280154127002566236002079284
27280487088002710948002214744
27280519060003314187002779412
27280683618002638592002147014
27281252513002781883002282475
27282118489004706243004005665
27282118586003195883002485665
27282458352002710948002214744
27282666982003747926003185419
27283400978002710948002214744
27283427701002564983002079284
27283788526002370153001895739
27284969060002209232001929604
27284972754003966995003390481
27284973505004076529003493011
27285307541002671046002282475
27285311743002924983002417970
27285464825002710948002214744
27285945203002666675002282475
27286378736003474091002929092
27286802791002926527002417979
27287332233002530057002045419
27287541118002827914002282475
27287542157002421523001943824
27287546969002421523001943824
27288126513003747926003185419
27288705777002710948002214744
27289024900003966995003390481
27289179688002709582002214744
27289189470004076529003493011
27289210313003177541002756586
27291499606002420383001943824
27291794128002781883002282475
27292374793004682455004007670
27292694232003857461003287950
27292763781002598944002214744
27292763854003090721002570234
27293846850002525023002147014
27294051924002710948002214744
27295074294002485557002108846
27295341802002675788001997334
27295740499003569619003185419
27295890768002168413001943824
27296131836002666675002282475
27298109358002710948002214744
27298317910002710948002214744
27299140038002926483002417935
27299308540004076573003493055
27299375396003964650003390481
27300065851002637283002147014
27300883678003964650003390481
27302414241003000375002485665
27302522176003747926003185419
27302799445002709582002214744
27303168848002353944002065064
27304354866003635666003185419
27305386524003857461003287950
27305777590002710948002214744
27305778465003638392003082888
27305839987003747926003185419
27306272530002421523001943824
27306457018002147014002147014
27306706107002743402002350205
27306811687004074133003493046
27306901961002710948002214744
27307073612002783306002282475
27308173912002566236002079284
27308279869003474091002929092
27308726997002530057002045419
27308734191002736409002352209
27310815956002204453001740633
27311892741002710948002214744
27312486178003966995003390481
27312734988002163522001808363
27313359021002710948002214744
27313370017002783306002282475
27313740116002530057002045419
27314145939002421523001943824
27314175269002710948002214744
27314815195002530057002045419
27315067915002710948002214744
27315100114002743402002350205
27315798375002493879002011554
27315798537002710948002214744
27315960555002421523001943824
27316134217002349165001876093
27317536319002710948002214744
27318197917002710948002214744
27318334817002530057002045419
27318409078003090721002570234
27318409124002710948002214744
27318886518002493879002011554
27319065348002095918001639038
27319066727002530057002045419
27319118441002530057002045419
27319625203002783306002282475
27320544462003966995003390481
27320544632003634214003082888
27320550586002852516002350205
27320561057002381619002011554
27320774301002349165001876093
27321088398002241684002065064
27321347555002051123001672903
27322771768002710948002214744
27323518586001200092000948223
27323555503002854183002350205
27324013364002349165001876093
27324140196002598944002214744
27324144043002710948002214744
27324144299002530057002045419
27324144477002710948002214744
27324160146003638392003082888
27325061818003309789002775296
27325062881002783306002282475
27325241727002530057002045419
27325299644002671046002282475
27325399142003966995003390481
27325433316002710948002214744
27325695809002314042002132795
27326639597002928054002417970
27326858973002381619002011554
27327131481003857461003287950
27327413940002598688002214744
27327495866002421523001943824
27327740852003966995003390481
27327742243002783306002282475
27328092870002309263001943824
27328423575002453976002079284
27330621252002817697002419873
27330622976002671046002282475
27330635083002976055002282475
27331366620003857461003287950
27331367236003472130002929092
27331373503002710948002214744
27331410700002783306002282475
27331420994002638592002147014
27331534744002908048002214744
27331649657002638592002147014
27332064520002421523001943824
27332077525002781757002282475
27332102554002638592002147014
27332895694002710948002214744
27332934533002855662002350205
27333518924002598688002214744
27333850392002734514002341885
27334535393002710948002214744
27334535571002417797002045419
27334544015002429619002045419
27335210986002240631001774498
27335360465003474091002929092
27336171135002928019002417935
27336220217002276809001808363
27338872688003048486002350205
27338873854002638592002147014
27338915662002421523001943824
27340820911002710948002214744
27341688618002530057002045419
27342242257003528858002980358
27342417014002353944002065064
27342417316003747926003185419
27342418347003635666003185419
27343531295002710948002214744
27346374182002530057002045419
27346379036002710948002214744
27346380093002370153001895739
27346383475002530057002045419
27346958540003635666003185419
27348638365002710948002214744
27348639663002710948002214744
27349184163002429619002045419
27349191151003200255002672765
27349197257002349165001876093
27349255915002530057002045419
27349260471002530057002045419
27349818642003474091002929092
27350871352003419324002877827
27351053750002215363001943824
27351777333002783306002282475
27352469977002638592002147014
27357392190002710948002214744
27357397540002530057002045419
27357400290002487526002214744
27357400452002598688002214744
27357400959002236905001876093
27357401009003526132003082888
27357402986002204453001740633
27357422553002240631001774498
27357427466002530057002045419
27357445162002638592002147014
27357445278002710948002214744
27357454919003474091002929092
27357465295002530057002045419
27358427419002236905001876093
27358429535002638592002147014
27358445204002353944002065064
27358451425002638592002147014
27358458179002530057002045419
27358473178002570098002214744
27359137600002421523001943824
27359414108002710948002214744
27361216607003309789002775296
27362283413002421523001943824
27363922762002240631001774498
27365191862002530057002045419
27365745256002530057002045419
27365908651002617048002214744
27366398843002530057002045419
27367133894002240631001774498
27367134823002739644002467704
27369286930002530057002045419
27369945659003200255002672765
27369947309002240631001774498
27371289289002236905001876093
27371296129002530057002045419
27371316243002349165001876093
27374119228002020644001503577
27374414807002530057002045419
27374419493002370153001895739
27375099344002349165001876093
27379843129002530057002045419
27380527133003638392003082888
27381144106002287719002011554
27385561607002530057002045419
27386413385002530057002045419
27387175003003966995003390481
27387804922002240631001774498
27387829186002929092002929092
27394519788002002357001401982
27395811385002530057002045419
27430733376002638592002147014