18/07/2024     LISTADO TESTIGO PERSONAL SIN PRESENTISMO      P g.


          Nro Control    Planta        Mes        Anio
          66010783          P          07          24
          64050301          P          07          24
          78197755          P          07          24
          78195782          P          07          24
          74029554          P          07          24
          77012531          P          07          24
          76243941          P          07          24
          81147394          P          07          24
          76170151          P          07          24
          77307494          P          07          24
          77064664          P          07          24
          76218014          P          07          24
          77294921          P          07          24
          76292071          C          07          24
          76207982          P          07          24
          77339705          C          07          24
          76228255          C          07          24
          77199294          P          07          24
          77253051          P          07          24
          76240061          P          07          24
          77308741          P          07          24
          77195994          P          07          24
          77250443          P          07          24
          76265985          C          07          24
          77222513          P          07          24
          76241601          P          07          24
          76175601          P          07          24
          76216384          P          07          24
          77245671          P          07          24
          74033883          C          07          24
          24005445          C          07          24
          76242131          C          07          24
          76250443          C          07          24
          77293962          P          07          24
          77292754          P          07          24
          76218674          P          07          24
          77978981          C          07          24
          77242102          P          07          24
          76218124          P          07          24
          77268844          P          07          24
          64137514          P          07          24
          24005542          C          07          24
          77138845          P          07          24
          76224824          C          07          24
          77141534          P          07          24
          77104561          P          07          24
          77154252          P          07          24
          77242932          P          07          24
          77234442          P          07          24
          77276753          C          07          24
          76233661          C          07          24
          76183581          P          07          24
          77265493          P          07          24
          77275375          P          07          24
          76239065          C          07          24
          77263365          C          07          24
          77199155          P          07          24
          81148345          P          07          24
          77181681          P          07          24
          77296392          P          07          24
          76252631          C          07          24
          77225715          P          07          24
          77234434          P          07          24
          76189003          P          07          24
          77246512          P          07          24
          77243624          P          07          24
          77292571          C          07          24
          76225485          P          07          24
          64012235          P          07          24
          76184833          P          07          24
          49011404          P          07          24
          49006572          C          07          24
          49006585          C          07          24
          77327122          C          07          24
          77062421          P          07          24
          64013723          C          07          24
          64010801          P          07          24
          52001645          P          07          24
          77269845          P          07          24
          77321935          C          07          24
          77266185          P          07          24
          77320434          C          07          24
          51003545          P          07          24
          77320332          C          07          24
          49349501          C          07          24
          49006404          C          07          24
          77216274          P          07          24
          49351095          C          07          24
          49006263          C          07          24
          64014033          C          07          24
          51013731          P          07          24
          81146725          P          07          24
          77270354          P          07          24
          74004253          P          07          24
          40009334          P          07          24
          77198714          P          07          24
          46002235          P          07          24
          46137535          P          07          24
          49351294          C          07          24
          75282301          P          07          24
          01024782          P          07          24
          75304205          C          07          24
          51016132          P          07          24
          77221622          P          07          24
          75299243          C          07          24
          75299942          C          07          24
          13011051          C          07          24
          13011022          C          07          24
          75305201          C          07          24
          95901675          C          07          24
          75305002          C          07          24
          75300141          C          07          24
          75305303          C          07          24
          13011522          C          07          24
          51004075          P          07          24
          01025364          C          07          24
          01024062          C          07          24
          13007701          P          07          24
          75303505          C          07          24
          75299845          C          07          24
          75303602          C          07          24
          76230854          C          07          24
          75299332          C          07          24
          75299222          C          07          24
          51010144          P          07          24
          75299735          C          07          24
          75216452          P          07          24
          77163382          P          07          24
          75281232          P          07          24
          75305104          C          07          24
          75216664          P          07          24
          77180813          P          07          24
          77294955          P          07          24
          18033715          C          07          24
          18005403          C          07          24
          18004295          P          07          24
          13009805          P          07          24
          76197593          P          07          24
          18029423          C          07          24
          77290281          P          07          24
          18036221          C          07          24
          77060665          P          07          24
          18033215          C          07          24
          77294162          P          07          24
          18030021          C          07          24
          75263873          P          07          24
          76186911          P          07          24
          18036823          C          07          24
          75302101          C          07          24
          76187823          P          07          24
          15010704          P          07          24
          75218001          P          07          24
          75299612          C          07          24
          13011323          C          07          24
          75299531          C          07          24
          18030924          C          07          24
          77253153          P          07          24
          77333225          P          07          24
          75123502          P          07          24
          75301011          C          07          24
          35009342          C          07          24
          35009334          C          07          24
          37018202          C          07          24
          76215391          P          07          24
          75228543          P          07          24
          75236193          P          07          24
          24003524          P          07          24
          76233433          P          07          24
          75233182          P          07          24
          01022002          C          07          24
          18004033          P          07          24
          75298844          C          07          24
          76229353          C          07          24
          75138492          P          07          24
          75178112          P          07          24
          81142742          P          07          24
          75123691          P          07          24
          76203043          C          07          24
          77103942          P          07          24
          76227385          P          07          24
          75222822          P          07          24
          75103793          P          07          24
          75222995          P          07          24
          76190392          P          07          24
          15015314          P          07          24
          75177661          P          07          24
          76175863          P          07          24
          77199113          P          07          24
          77195863          P          07          24
          76304543          C          07          24
          75301493          P          07          24
          76181084          P          07          24
          77190651          P          07          24
          76248912          P          07          24
          76233771          P          07          24
          77217783          P          07          24
          76199003          P          07          24
          77246664          P          07          24
          77318644          C          07          24
          77292343          P          07          24
          74028794          P          07          24
          76249214          P          07          24
          76244701          P          07          24
          40009295          P          07          24
          77318204          C          07          24
          76182315          P          07          24
          76243514          P          07          24
          50006271          P          07          24
          77265804          P          07          24
          40012002          C          07          24
          40011831          C          07          24
          75221295          P          07          24
          88208792          P          07          24
          77266672          P          07          24
          76236732          P          07          24
          75196314          P          07          24
          76015982          P          07          24
          76182284          P          07          24
          41007112          P          07          24
          76236062          P          07          24
          76222513          P          07          24
          26002044          P          07          24
          77264544          C          07          24
          76217801          P          07          24
          76249714          P          07          24
          41007604          P          07          24
          26001344          P          07          24
          76243632          P          07          24
          41013524          P          07          24
          73000801          P          07          24
          41012311          P          07          24
          41013223          P          07          24
          04001182          P          07          24
          77282364          C          07          24
          26001912          P          07          24
          41014114          C          07          24
          77250582          P          07          24
          26000814          P          07          24
          41008325          C          07          24
          76170371          P          07          24
          76228585          P          07          24
          77038074          P          07          24
          77122522          P          07          24
          76219023          P          07          24
          77289905          P          07          24
          77318665          P          07          24
          01026284          P          07          24
          51013032          P          07          24
          01022214          C          07          24
          77317465          P          07          24
          01024761          P          07          24
          77295032          P          07          24
          77191945          P          07          24
          77320214          C          07          24
          77338513          C          07          24
          77323885          C          07          24
          77231965          C          07          24
          77236512          P          07          24
          77336401          C          07          24
          77216601          P          07          24
          77197954          P          07          24
          76128015          P          07          24
          76182093          P          07          24
          77078561          P          07          24
          76182514          P          07          24
          76197585          P          07          24
          76223014          C          07          24
          15022492          P          07          24
          76181725          P          07          24
          88005911          C          07          24
          88006221          C          07          24
          88005932          C          07          24
          07026904          P          07          24
          16005555          P          07          24
          01021323          C          07          24
          01019533          P          07          24
          01021001          C          07          24
          01018914          P          07          24
          01021535          C          07          24
          01020335          C          07          24
          16004473          P          07          24
          01020505          C          07          24
          16002714          P          07          24
          01019525          P          07          24
          07026784          P          07          24
          06001085          P          07          24
          15023532          P          07          24
          15024114          P          07          24
          15021925          P          07          24
          15022374          P          07          24
          76175745          P          07          24
          76184723          P          07          24
          76244104          P          07          24
          77227314          P          07          24
          76189082          P          07          24
          76323291          P          07          24
          76236295          P          07          24
          76180481          P          07          24
          76203991          P          07          24
          77333204          P          07          24
          76254133          C          07          24
          76175834          P          07          24
          76175622          P          07          24
          08000212          P          07          24
          01015791          P          07          24
          13010534          P          07          24
          01017675          P          07          24
          77284413          C          07          24
          77232733          P          07          24
          77321485          C          07          24
          77317091          C          07          24
          77286295          P          07          24
          77282673          C          07          24
          77280862          C          07          24
          77218263          P          07          24
          77296554          C          07          24
          77155541          P          07          24
          77251583          C          07          24
          77320311          C          07          24
          77104354          P          07          24
          77142292          P          07          24
          77212974          P          07          24
          73006292          P          07          24
          66013341          C          07          24
          73108002          P          07          24
          66014245          C          07          24
          77192771          P          07          24
          77263051          P          07          24
          15017913          P          07          24
          15011483          P          07          24
          15022612          P          07          24
          73150821          P          07          24
          15005322          P          07          24
          15020034          P          07          24
          15021022          P          07          24
          15015652          P          07          24
          73003184          P          07          24
          15017714          P          07          24
          15026491          P          07          24
          15031263          C          07          24
          73007845          P          07          24
          73012793          C          07          24
          82010131          P          07          24
          15020631          P          07          24
          15022463          P          07          24
          77262924          P          07          24
          82008723          P          07          24
          77327915          C          07          24
          82008524          C          07          24
          82012183          C          07          24
          82007374          P          07          24
          23069185          P          07          24
          15011491          P          07          24
          77109812          P          07          24
          42002052          C          07          24
          42001404          P          07          24
          70218103          P          07          24
          82011865          P          07          24
          70124171          P          07          24
          82011022          P          07          24
          70287995          P          07          24
          43011182          P          07          24
          43012243          P          07          24
          82008663          P          07          24
          43014282          P          07          24
          43013634          P          07          24
          70318351          P          07          24
          43004855          P          07          24
          43011734          P          07          24
          73122975          P          07          24
          43008833          P          07          24
          43009012          P          07          24
          01025555          C          07          24
          43008663          P          07          24
          75232725          P          07          24
          73003655          P          07          24
          70316464          P          07          24
          73005474          C          07          24
          77247351          P          07          24
          73006373          C          07          24
          82012175          C          07          24
          77197352          P          07          24
          73000911          P          07          24
          82013095          P          07          24
          49013294          P          07          24
          77235901          P          07          24
          70014371          P          07          24
          77266012          P          07          24
          49006611          P          07          24
          49013391          P          07          24
          73009892          C          07          24
          70322643          C          07          24
          77245935          P          07          24
          70269625          P          07          24
          70226601          P          07          24
          75178141          P          07          24
          01013383          P          07          24
          52011912          P          07          24
          52006713          C          07          24
          77317635          C          07          24
          76199095          P          07          24
          77318741          C          07          24
          76170083          P          07          24
          75246363          P          07          24
          77334302          C          07          24
          73000681          P          07          24
          51005584          P          07          24
          77316354          C          07          24
          16003794          P          07          24
          01020602          C          07          24
          37001234          P          07          24
          06001124          P          07          24
          01022471          P          07          24
          01023464          P          07          24
          77125012          P          07          24
          15032811          P          07          24
          73008375          C          07          24
          16004635          P          07          24
          73006784          P          07          24
          66013045          C          07          24
          15023561          P          07          24
          15028862          C          07          24
          73007811          C          07          24
          77230304          P          07          24
          15901612          C          07          24
          77332902          C          07          24
          01017141          P          07          24
          06000571          P          07          24
          15023464          P          07          24
          77075225          P          07          24
          75303893          P          07          24
          23074855          P          07          24
          86000631          P          07          24
          23071763          C          07          24
          77337114          C          07          24
          77321105          C          07          24
          15020801          P          07          24
          76186725          P          07          24
          76216012          P          07          24
          76249625          P          07          24
          77318791          C          07          24
          23054054          P          07          24
          77264044          P          07          24
          77290901          P          07          24
          15018032          P          07          24
          99097073          P          07          24
          77321524          C          07          24
          15022971          P          07          24
          71008692          C          07          24
          77292681          C          07          24
          15014994          P          07          24
          99152001          P          07          24
          77238771          P          07          24
          15032942          P          07          24
          15013095          P          07          24
          69061381          C          07          24
          71009805          P          07          24
          77316414          C          07          24
          69077984          C          07          24
          77108332          P          07          24
          77231805          P          07          24
          99055932          P          07          24
          15901214          C          07          24
          77283491          P          07          24
          15030534          P          07          24
          99152022          P          07          24
          66014114          P          07          24
          77318555          P          07          24
          99157585          C          07          24
          77284303          P          07          24
          99096404          P          07          24
          86002502          P          07          24
          99097044          P          07          24
          66013634          P          07          24
          71016695          C          07          24
          73012675          C          07          24
          77318013          C          07          24
          71077942          C          07          24
          15032413          P          07          24
          49009591          P          07          24
          86002434          P          07          24
          77293535          P          07          24
          23070181          P          07          24
          77318924          C          07          24
          73006831          P          07          24
          86002772          C          07          24
          73013105          C          07          24
          77327185          P          07          24
          15901722          C          07          24
          66015592          P          07          24
          15026145          P          07          24
          23065822          P          07          24
          23068781          P          07          24
          86002714          C          07          24
          15036271          C          07          24
          15021624          P          07          24
          15901324          C          07          24
          52006844          C          07          24
          52006132          P          07          24
          15028744          P          07          24
          15021661          P          07          24
          15028451          P          07          24
          77329695          C          07          24
          52008901          P          07          24
          77323123          C          07          24
          77198565          P          07          24
          52006043          P          07          24
          77218425          P          07          24
          52011302          P          07          24
          37027793          C          07          24
          77236334          P          07          24
          77198832          P          07          24
          77264285          P          07          24
          73005542          P          07          24
          73198272          P          07          24
          73002861          P          07          24
          73009672          C          07          24
          73005911          P          07          24
          73205265          P          07          24
          73001454          P          07          24
          77214552          P          07          24
          64013702          P          07          24
          75239081          P          07          24
          77240312          P          07          24
          77286834          P          07          24
          77327504          C          07          24
          77297225          P          07          24
          77108222          P          07          24
          77317732          C          07          24
          77325285          C          07          24
          77316134          C          07          24
          75281164          P          07          24
          77286151          P          07          24
          77108395          P          07          24
          77331095          C          07          24
          77268815          P          07          24
          77291473          C          07          24
          77283132          P          07          24
          77332915          C          07          24
          77220095          P          07          24
          77321621          C          07          24
          77239882          P          07          24
          77323393          C          07          24
          77322944          C          07          24
          77325581          C          07          24
          77317355          C          07          24
          77329501          C          07          24
          77281091          P          07          24
          05200163          C          07          24
          47149184          C          07          24
          77291591          P          07          24
          77233085          P          07          24
          77239581          P          07          24
          88005385          C          07          24
          77318783          C          07          24
          37007214          P          07          24
          77274581          P          07          24
          77322083          C          07          24
          30000762          P          07          24
          77239683          P          07          24
          37001514          P          07          24
          77269154          P          07          24
          77214434          P          07          24
          77245833          P          07          24
          77250011          P          07          24
          47058354          P          07          24
          77281402          P          07          24
          77319323          C          07          24
          77244803          P          07          24
          77292505          P          07          24
          77326891          C          07          24
          77292123          P          07          24
          77323681          C          07          24
          77319491          C          07          24
          77316883          C          07          24
          77223292          P          07          24
          77332305          C          07          24
          77296494          P          07          24
          77290202          P          07          24
          77320895          C          07          24
          77246533          P          07          24
          77263043          P          07          24
          77239785          P          07          24
          77319975          C          07          24
          77223394          P          07          24
          77272194          P          07          24
          77316794          C          07          24
          77331692          C          07          24
          77279874          P          07          24
          77324412          C          07          24
          77013215          P          07          24
          77289803          P          07          24
          77245613          P          07          24
          30000822          P          07          24
          47139045          P          07          24
          66014041          C          07          24
          66011483          P          07          24
          66012104          P          07          24
          91006983          C          07          24
          77293572          C          07          24
          77197695          P          07          24
          77243014          C          07          24
          77009774          P          07          24
          77288564          P          07          24
          77191034          P          07          24
          77219421          P          07          24
          91006873          P          07          24
          77270825          P          07          24
          91006742          P          07          24
          76221512          P          07          24
          77084143          P          07          24
          77193625          P          07          24
          09002285          P          07          24
          09000212          C          07          24
          09000322          C          07          24
          77317685          C          07          24
          91006331          P          07          24
          09003621          P          07          24
          09003812          C          07          24
          37012604          C          07          24
          09000712          C          07          24
          37015704          C          07          24
          09000822          C          07          24
          37001755          P          07          24
          84042104          P          07          24
          09004004          P          07          24
          02003304          P          07          24
          37008804          P          07          24
          09002104          P          07          24
          37017594          P          07          24
          37006543          P          07          24
          84038901          P          07          24
          02010704          P          07          24
          37006941          P          07          24
          37010102          C          07          24
          77243103          P          07          24
          37012803          C          07          24
          37016603          P          07          24
          37003634          P          07          24
          77236591          P          07          24
          85005021          C          07          24
          85001593          P          07          24
          73193044          P          07          24
          76265781          C          07          24
          76226761          C          07          24
          73011103          P          07          24
          81147213          P          07          24
          73006844          P          07          24
          73005322          P          07          24
          73005602          P          07          24
          76228954          C          07          24
          73005123          P          07          24
          73012743          C          07          24
          81147661          P          07          24
          81147111          P          07          24
          73000924          P          07          24
          81147501          P          07          24
          74003294          P          07          24
          66007565          P          07          24
          06000704          P          07          24
          16004672          P          07          24
          88006315          C          07          24
          73006441          P          07          24
          88006213          C          07          24
          88006433          C          07          24
          73011991          C          07          24
          73008825          P          07          24
          73006522          P          07          24
          73010521          C          07          24
          88006912          C          07          24
          88006124          C          07          24
          01019211          P          07          24
          07026831          C          07          24
          73009504          C          07          24
          73012633          C          07          24
          73005225          P          07          24
          73012785          C          07          24
          73012654          C          07          24
          73006425          P          07          24
          73004761          P          07          24
          74028304          P          07          24
          05001043          P          07          24
          82012421          C          07          24
          82012675          C          07          24
          66011344          C          07          24
          77206321          P          07          24
          37006331          P          07          24
          37008621          P          07          24
          37010893          P          07          24
          37013105          C          07          24
          37014994          P          07          24
          84036093          P          07          24
          84036292          P          07          24
          84036394          P          07          24
          02012502          C          07          24
          84035791          P          07          24
          84041302          P          07          24
          77283064          P          07          24
          84034402          P          07          24
          37016991          P          07          24
          37016412          C          07          24
          37013003          C          07          24
          02012604          C          07          24
          47138214          P          07          24
          47058362          P          07          24
          37009091          P          07          24
          37002921          P          07          24
          37017311          C          07          24
          37009305          C          07          24
          37005924          P          07          24
          77320691          C          07          24
          84039305          P          07          24
          02010801          P          07          24
          77296614          P          07          24
          52012811          P          07          24
          02013503          C          07          24
          37008184          C          07          24
          02004745          P          07          24
          37016315          C          07          24
          84040005          P          07          24
          37007544          C          07          24
          47150083          C          07          24
          84040403          P          07          24
          37011491          P          07          24
          77317643          C          07          24
          37009295          P          07          24
          47058553          P          07          24
          47148484          P          07          24
          37006271          C          07          24
          37004732          P          07          24
          47058582          P          07          24
          52014151          P          07          24
          02011205          P          07          24
          84038891          P          07          24
          77293381          P          07          24
          37010704          C          07          24
          84035995          P          07          24
          37017492          P          07          24
          37012191          P          07          24
          77232851          P          07          24
          73008003          P          07          24
          77098375          P          07          24
          76263983          C          07          24
          77181571          P          07          24
          77191592          P          07          24
          77288501          P          07          24
          76248611          P          07          24
          77181084          P          07          24
          77330285          C          07          24
          52011713          P          07          24
          77272181          P          07          24
          37006975          C          07          24
          66007832          P          07          24
          77339802          C          07          24
          77198722          P          07          24
          48005233          P          07          24
          75304093          P          07          24
          48005165          P          07          24
          48005733          P          07          24
          66013532          P          07          24
          66003341          P          07          24
          77228831          P          07          24
          77319242          C          07          24
          77206415          P          07          24
          64128311          C          07          24
          64002604          P          07          24
          64004135          P          07          24
          64008142          P          07          24
          64005084          C          07          24
          64002015          P          07          24
          64006535          P          07          24
          64007031          P          07          24
          64004761          P          07          24
          64004965          P          07          24
          64009944          C          07          24
          64007751          P          07          24
          64005775          P          07          24
          64010225          C          07          24
          64006064          P          07          24
          64010123          C          07          24
          64008422          C          07          24
          64008414          C          07          24
          64008613          C          07          24
          64005885          C          07          24
          64004054          P          07          24
          67003545          P          07          24
          67003833          P          07          24
          67004392          C          07          24
          67003215          P          07          24
          67004371          C          07          24
          67003854          P          07          24
          67004172          P          07          24
          67004261          C          07          24
          15021111          P          07          24
          66010482          P          07          24
          76187705          P          07          24
          76217424          P          07          24
          76185821          P          07          24
          37003812          P          07          24
          76216685          P          07          24
          76215744          P          07          24
          81147331          P          07          24
          76228483          P          07          24
          76185834          P          07          24
          76260781          C          07          24
          77194493          P          07          24
          76186131          P          07          24
          73006153          P          07          24
          75302724          C          07          24
          76304792          P          07          24
          77323733          C          07          24
          75301702          C          07          24
          81147072          P          07          24
          81004172          P          07          24
          76236164          P          07          24
          77263695          P          07          24
          76170761          P          07          24
          75300905          P          07          24
          04040584          P          07          24
          04040835          P          07          24
          04040631          P          07          24
          75245532          P          07          24
          04040521          P          07          24
          75284934          P          07          24
          75304404          C          07          24
          77272152          P          07          24
          76170444          P          07          24
          75245464          P          07          24
          81147195          P          07          24
          76242945          P          07          24
          76221012          P          07          24
          70324043          C          07          24
          77267924          P          07          24
          77295231          C          07          24
          76226282          P          07          24
          76227262          C          07          24
          78196445          P          07          24
          74029512          P          07          24
          76255634          C          07          24
          75123434          P          07          24
          76233624          P          07          24
          76242102          P          07          24
          74030791          P          07          24
          76254845          C          07          24
          76303681          P          07          24
          76292673          C          07          24
          77243153          P          07          24
          75299934          C          07          24
          75306312          P          07          24
          75103104          P          07          24
          75220891          P          07          24
          77181424          P          07          24
          75258894          P          07          24
          77264081          P          07          24
          75258195          P          07          24
          77223823          P          07          24
          77181403          P          07          24
          77264272          P          07          24
          76170504          P          07          24
          77217131          P          07          24
          77224293          P          07          24
          77330714          C          07          24
          77183175          P          07          24
          81147093          P          07          24
          77325382          C          07          24
          77049533          P          07          24
          77266025          P          07          24
          77198141          P          07          24
          77287733          P          07          24
          70247945          P          07          24
          75230192          P          07          24
          77229154          P          07          24
          77268713          P          07          24
          74030681          P          07          24
          77217474          P          07          24
          77241004          P          07          24
          77292911          P          07          24
          77181453          P          07          24
          75281004          P          07          24
          15015615          P          07          24
          37008215          P          07          24
          75242584          P          07          24
          77328291          C          07          24
          77220003          P          07          24
          77267241          P          07          24
          76256342          P          07          24
          76170774          P          07          24
          76225854          C          07          24
          78190012          P          07          24
          77218593          P          07          24
          78197072          P          07          24
          77252851          P          07          24
          77317415          C          07          24
          75298802          P          07          24
          75300395          P          07          24
          77332583          C          07          24
          77324153          C          07          24
          77244303          P          07          24
          75214523          P          07          24
          77198874          P          07          24
          42002015          C          07          24
          77228624          P          07          24
          40012015          C          07          24
          81146694          C          07          24
          75198654          P          07          24
          77318872          C          07          24
          77330515          C          07          24
          77321383          C          07          24
          77219324          P          07          24
          77043943          P          07          24
          77331901          C          07          24
          77328283          C          07          24
          77328314          C          07          24
          77327795          C          07          24
          77327805          C          07          24
          77107263          P          07          24
          77218315          P          07          24
          77230833          P          07          24
          77266622          P          07          24
          85002722          C          07          24
          77234065          P          07          24
          05200192          C          07          24
          05200074          C          07          24
          76173573          P          07          24
          76208585          P          07          24
          77278572          P          07          24
          77325112          C          07          24
          77332614          C          07          24
          73205341          P          07          24
          73008281          P          07          24
          73008252          P          07          24
          73004614          P          07          24
          73011072          P          07          24
          73003304          P          07          24
          73010173          C          07          24
          73006051          P          07          24
          41013621          C          07          24
          76233352          P          07          24
          73001823          P          07          24
          73009295          P          07          24
          50002515          P          07          24
          85002332          C          07          24
          85005225          C          07          24
          85001881          P          07          24
          74025924          P          07          24
          81142802          P          07          24
          41000754          P          07          24
          41008621          P          07          24
          41008202          P          07          24
          41007015          P          07          24
          41012523          P          07          24
          41013825          C          07          24
          41011624          P          07          24
          41013325          P          07          24
          41013422          P          07          24
          73008773          P          07          24
          41014305          P          07          24
          50005851          P          07          24
          41003435          P          07          24
          50007191          C          07          24
          76197705          P          07          24
          68002492          P          07          24
          68001043          P          07          24
          68003891          P          07          24
          68006585          P          07          24
          70293721          P          07          24
          77199231          P          07          24
          76216004          P          07          24
          16004004          P          07          24
          77074583          P          07          24
          77290692          P          07          24
          77322724          C          07          24
          77295414          P          07          24
          77332512          C          07          24
          77331914          C          07          24
          11000301          P          07          24
          77265325          P          07          24
          77233771          P          07          24
          15033231          P          07          24
          15023273          P          07          24
          15027531          P          07          24
          15028875          C          07          24
          15024944          P          07          24
          77333115          C          07          24
          15031064          C          07          24
          15027942          P          07          24
          15020885          P          07          24
          15028642          P          07          24
          15028943          P          07          24
          15032374          C          07          24
          15011205          P          07          24
          15029855          P          07          24
          15020262          P          07          24
          15021695          P          07          24
          15023294          P          07          24
          77239303          P          07          24
          77032175          P          07          24
          77323505          C          07          24
          77199024          P          07          24
          77239361          P          07          24
          77319124          C          07          24
          77326595          C          07          24
          77325905          C          07          24
          77332091          C          07          24
          77103743          P          07          24
          77330905          C          07          24
          77274044          P          07          24
          77330081          C          07          24
          15029172          C          07          24
          15029892          C          07          24
          77325913          C          07          24
          15901125          C          07          24
          15035453          P          07          24
          15028281          C          07          24
          15030631          P          07          24
          77196835          P          07          24
          15023354          P          07          24
          15032581          C          07          24
          15034211          P          07          24
          15027921          P          07          24
          77213852          P          07          24
          15033383          C          07          24
          15029724          P          07          24
          15026462          C          07          24
          77330882          C          07          24
          76170732          P          07          24
          77322533          C          07          24
          77181314          P          07          24
          77232343          P          07          24
          77192941          P          07          24
          77181615          P          07          24
          77268132          P          07          24
          77325612          C          07          24
          13011064          C          07          24
          82012243          C          07          24
          18035115          C          07          24
          15018605          P          07          24
          15024533          P          07          24
          15015694          P          07          24
          15016195          P          07          24
          15016894          P          07          24
          15017691          P          07          24
          15025055          P          07          24
          15022332          P          07          24
          15017405          P          07          24
          16005893          P          07          24
          01022395          P          07          24
          77227911          P          07          24
          77316231          C          07          24
          77103324          P          07          24
          77243904          P          07          24
          77221313          P          07          24
          15034944          P          07          24
          15035055          P          07          24
          77327494          C          07          24
          77323521          C          07          24
          73008074          P          07          24
          01025885          P          07          24
          77246601          P          07          24
          77195274          P          07          24
          70293302          P          07          24
          88006844          C          07          24
          15030314          P          07          24
          77228093          P          07          24
          77320633          C          07          24
          77262822          P          07          24
          77229235          P          07          24
          77235414          P          07          24
          77066093          P          07          24
          77216371          P          07          24
          77326105          C          07          24
          77243051          P          07          24
          41005864          P          07          24
          26001844          P          07          24
          26001865          P          07          24
          77220414          P          07          24
          77241402          P          07          24
          76255744          P          07          24
          77283035          P          07          24
          77281465          P          07          24
          77320015          C          07          24
          77317334          C          07          24
          77011433          P          07          24
          77142831          P          07          24
          77250794          C          07          24
          76250642          C          07          24
          47058613          P          07          24
          37013493          P          07          24
          37007484          C          07          24
          37008684          C          07          24
          77220105          P          07          24
          77339315          C          07          24
          77223721          P          07          24
          77221994          P          07          24
          77233603          P          07          24
          37013304          C          07          24
          66002442          P          07          24
          99157831          C          07          24
          99158353          C          07          24
          99053605          P          07          24
          99097104          P          07          24
          71010704          P          07          24
          99158442          C          07          24
          81142624          P          07          24
          74030411          P          07          24
          74028935          P          07          24
          76304682          C          07          24
          99157695          C          07          24
          40011763          C          07          24
          77035911          P          07          24
          77295812          P          07          24
          47139341          P          07          24
          09003702          P          07          24
          64052405          C          07          24
          74031394          C          07          24
          76248124          P          07          24
          70193162          P          07          24
          70323301          P          07          24
          76110203          P          07          24
          70319365          C          07          24
          70225202          P          07          24
          70193243          P          07          24
          73006433          P          07          24
          42001975          P          07          24
          15016695          P          07          24
          77233873          P          07          24
          82011323          P          07          24
          01018273          P          07          24
          77228852          P          07          24
          49010495          P          07          24
          49013493          P          07          24
          75177255          P          07          24
          77324323          C          07          24
          75235964          P          07          24






         TOTAL DE REGISTROS:      1134


          Planta Contratada:       347


          Planta Permanente:       787


