NroCOntrol	PlantaTipo	LugarPago	Escuela	Juris	Prog	SubP	Actividad	fuente	dias_trabajados	haberSinAporte	haberConAporte	total_haberes	total_descuentos	total_liquido	C01	I01	C02	I02	C03	I03	C04	I04	C05	I05	C06	I06	C07	I07	C08	I08	mes	anio
59119553	D	59106	80435	55	15	07	01	R	030	000158115	001794144	001952259	000322946	001629313	521	001794144	522	000158115	602	000233239	615	000089707	616	000000000	663	000000000	664	000000000	665	000000000	11	22
59122145	D	59122	80435	55	15	07	01	R	030	000163636	001874971	002038607	000337495	001701112	521	001874971	522	000163636	602	000243746	615	000093749	616	000000000	663	000000000	664	000000000	665	000000000	11	22
59127535	D	59106	80443	55	15	07	01	R	030	000584896	002313533	002898429	000462707	002435722	521	002313533	522	000584896	602	000300759	615	000115677	616	000046271	663	000000000	664	000000000	665	000000000	11	22
59131204	D	59122	80443	55	15	07	01	R	030	000183368	002163853	002347221	000389494	001957727	521	002163853	522	000183368	602	000281301	615	000108193	616	000000000	663	000000000	664	000000000	665	000000000	11	22
59134702	D	59106	80451	55	15	07	01	R	030	000176620	002065065	002241685	000371711	001869974	521	002065065	522	000176620	602	000268458	615	000103253	616	000000000	663	000000000	664	000000000	665	000000000	11	22
59135143	D	59106	80451	55	15	07	01	R	030	000183368	002163853	002347221	000389494	001957727	521	002163853	522	000183368	602	000281301	615	000108193	616	000000000	663	000000000	664	000000000	665	000000000	11	22
59140313	D	59122	80443	55	15	07	01	R	030	000176620	002065065	002241685	000371711	001869974	521	002065065	522	000176620	602	000268458	615	000103253	616	000000000	663	000000000	664	000000000	665	000000000	11	22
59143612	D	59106	80451	55	15	07	01	R	030	000183368	002163853	002347221	000389494	001957727	521	002163853	522	000183368	602	000281301	615	000108193	616	000000000	663	000000000	664	000000000	665	000000000	11	22
59144561	D	59106	80451	55	15	07	01	R	030	000167368	001929604	002096972	000347329	001749643	521	001929604	522	000167368	602	000250849	615	000096480	616	000000000	663	000000000	664	000000000	665	000000000	11	22
59146801	D	59106	80443	55	15	07	01	R	030	000560832	001954435	002515267	000390888	002124379	521	001954435	522	000560832	602	000254077	615	000097722	616	000039089	663	000000000	664	000000000	665	000000000	11	22
59148374	D	59106	80451	55	15	07	01	R	030	000176620	002065065	002241685	000371711	001869974	521	002065065	522	000176620	602	000268458	615	000103253	616	000000000	663	000000000	664	000000000	665	000000000	11	22
59148793	D	59106	80443	55	15	01	01	R	030	000176620	002065065	002241685	000371711	001869974	521	002065065	522	000176620	602	000268458	615	000103253	616	000000000	663	000000000	664	000000000	665	000000000	11	22
59150305	D	59122	80451	55	15	01	01	R	030	000007484	000172641	000180125	000031075	000149050	521	000172641	522	000007484	602	000022443	615	000008632	616	000000000	663	000000000	664	000000000	665	000000000	11	22
59151872	D	59122	80443	55	15	07	01	R	030	000167368	001929604	002096972	000347329	001749643	521	001929604	522	000167368	602	000250849	615	000096480	616	000000000	663	000000000	664	000000000	665	000000000	11	22
59073715	D	59122	80451	55	15	07	01	R	030	000370960	002026655	002397615	000364798	002032817	521	002026655	522	000370960	602	000263465	615	000101333	616	000000000	663	000000000	664	000000000	665	000000000	11	22
59074952	D	59106	80451	55	15	07	01	R	030	000568060	002025469	002593529	000364584	002228945	521	002025469	522	000568060	602	000263311	615	000101273	616	000000000	663	000000000	664	000000000	665	000000000	11	22
59078613	D	59106	80443	55	15	07	01	R	030	000171994	001997334	002169328	000359520	001809808	521	001997334	522	000171994	602	000259653	615	000099867	616	000000000	663	000000000	664	000000000	665	000000000	11	22
59087031	D	59106	80435	55	15	07	01	R	030	000575129	002171096	002746225	000390797	002355428	521	002171096	522	000575129	602	000282242	615	000108555	616	000000000	663	000000000	664	000000000	665	000000000	11	22
59093134	D	59114	80443	55	15	07	01	R	030	000177172	002091633	002268805	000397410	001871395	521	002091633	522	000177172	602	000271912	615	000104582	616	000020916	663	000000000	664	000000000	665	000000000	11	22
59097845	D	59122	80443	55	15	07	01	R	030	000074840	002163853	002238693	000389494	001849199	521	002163853	522	000074840	602	000281301	615	000108193	616	000000000	663	000000000	664	000000000	665	000000000	11	22
59098451	D	59114	80443	55	15	01	01	R	030	000186844	002215055	002401899	000398710	002003189	521	002215055	522	000186844	602	000287957	615	000110753	616	000000000	663	000000000	664	000000000	665	000000000	11	22
59106055	D	59106	80435	55	15	07	01	R	030	000171994	001997334	002169328	000359520	001809808	521	001997334	522	000171994	602	000259653	615	000099867	616	000000000	663	000000000	664	000000000	665	000000000	11	22
59114121	D	59106	80451	55	15	07	01	R	030	000176620	002065065	002241685	000371711	001869974	521	002065065	522	000176620	602	000268458	615	000103253	616	000000000	663	000000000	664	000000000	665	000000000	11	22
59119841	D	59106	80435	55	15	07	01	R	030	000445418	001590953	002036371	000286372	001749999	521	001590953	522	000445418	602	000206824	615	000079548	616	000000000	663	000000000	664	000000000	665	000000000	11	22
59123112	D	59106	80435	55	15	07	01	R	030	000563127	001952430	002515557	000351438	002164119	521	001952430	522	000563127	602	000253816	615	000097622	616	000000000	663	000000000	664	000000000	665	000000000	11	22
59127865	D	59106	80443	55	15	01	01	R	030	000570820	002065065	002635885	000371711	002264174	521	002065065	522	000570820	602	000268458	615	000103253	616	000000000	663	000000000	664	000000000	665	000000000	11	22
59132043	D	59122	80451	55	15	07	01	R	030	000557836	001874971	002432807	000337495	002095312	521	001874971	522	000557836	602	000243746	615	000093749	616	000000000	663	000000000	664	000000000	665	000000000	11	22
59134922	D	59106	80443	55	15	07	01	R	030	000577568	002163853	002741421	000389494	002351927	521	002163853	522	000577568	602	000281301	615	000108193	616	000000000	663	000000000	664	000000000	665	000000000	11	22
59135554	D	59106	80443	55	15	07	01	R	030	000176620	002065065	002241685	000371711	001869974	521	002065065	522	000176620	602	000268458	615	000103253	616	000000000	663	000000000	664	000000000	665	000000000	11	22
59140562	D	59106	80435	55	15	07	01	R	030	000553286	001808363	002361649	000325505	002036144	521	001808363	522	000553286	602	000235087	615	000090418	616	000000000	663	000000000	664	000000000	665	000000000	11	22
59143963	D	59106	80451	55	15	07	01	R	030	000176620	002065065	002241685	000371711	001869974	521	002065065	522	000176620	602	000268458	615	000103253	616	000000000	663	000000000	664	000000000	665	000000000	11	22
59144723	D	59106	80443	55	15	07	01	R	030	000351560	001740633	002092193	000313314	001778879	521	001740633	522	000351560	602	000226282	615	000087032	616	000000000	663	000000000	664	000000000	665	000000000	11	22
59147213	D	59106	80443	55	15	07	01	R	030	000271940	001807989	002079929	000325438	001754491	521	001807989	522	000271940	602	000235039	615	000090399	616	000000000	663	000000000	664	000000000	665	000000000	11	22
59148654	D	59106	80443	55	15	01	01	R	030	000522629	002065065	002587694	000392362	002195332	521	002065065	522	000522629	602	000268458	615	000103253	616	000020651	663	000000000	664	000000000	665	000000000	11	22
59148811	D	59106	80451	55	15	07	01	R	030	000153488	001726414	001879902	000310755	001569147	521	001726414	522	000153488	602	000224434	615	000086321	616	000000000	663	000000000	664	000000000	665	000000000	11	22
59150813	D	59122	80443	55	15	07	01	R	030	000176620	002065065	002241685	000371711	001869974	521	002065065	522	000176620	602	000268458	615	000103253	616	000000000	663	000000000	664	000000000	665	000000000	11	22
59151893	D	59106	80443	55	15	07	01	R	030	000176620	002065065	002241685	000371711	001869974	521	002065065	522	000176620	602	000268458	615	000103253	616	000000000	663	000000000	664	000000000	665	000000000	11	22
59004871	D	59114	80443	55	15	07	01	R	030	000176620	002065065	002241685	000371711	001869974	521	002065065	522	000176620	602	000268458	615	000103253	616	000000000	663	000000000	664	000000000	665	000000000	11	22
59073964	D	59106	80451	55	15	07	01	R	030	000587792	002313533	002901325	000416436	002484889	521	002313533	522	000587792	602	000300759	615	000115677	616	000000000	663	000000000	664	000000000	665	000000000	11	22
59075482	D	59114	80451	55	15	07	01	R	030	000380826	002170862	002551688	000390755	002160933	521	002170862	522	000380826	602	000282212	615	000108543	616	000000000	663	000000000	664	000000000	665	000000000	11	22
59078663	D	59106	80443	55	15	07	01	R	030	000183368	002163853	002347221	000389494	001957727	521	002163853	522	000183368	602	000281301	615	000108193	616	000000000	663	000000000	664	000000000	665	000000000	11	22
59088215	D	59106	80435	55	15	07	01	R	030	000173502	002019412	002192914	000363495	001829419	521	002019412	522	000173502	602	000262524	615	000100971	616	000000000	663	000000000	664	000000000	665	000000000	11	22
59093354	D	59122	80451	55	15	07	01	R	030	000183368	002163853	002347221	000389494	001957727	521	002163853	522	000183368	602	000281301	615	000108193	616	000000000	663	000000000	664	000000000	665	000000000	11	22
59097992	D	59114	80451	55	15	01	01	R	030	000176620	002065065	002241685	000371711	001869974	521	002065065	522	000176620	602	000268458	615	000103253	616	000000000	663	000000000	664	000000000	665	000000000	11	22
59100282	D	59106	80435	55	15	01	01	R	030	000176620	002065065	002241685	000371711	001869974	521	002065065	522	000176620	602	000268458	615	000103253	616	000000000	663	000000000	664	000000000	665	000000000	11	22
59108293	D	59106	80443	55	15	01	01	R	030	000178435	002091633	002270068	000376494	001893574	521	002091633	522	000178435	602	000271912	615	000104582	616	000000000	663	000000000	664	000000000	665	000000000	11	22
59116885	D	59122	80435	55	15	01	01	R	030	000176620	002065065	002241685	000371711	001869974	521	002065065	522	000176620	602	000268458	615	000103253	616	000000000	663	000000000	664	000000000	665	000000000	11	22
59120923	D	59122	80435	55	15	07	01	R	030	000167368	001929604	002096972	000347329	001749643	521	001929604	522	000167368	602	000250849	615	000096480	616	000000000	663	000000000	664	000000000	665	000000000	11	22
59123214	D	59106	80435	55	15	07	01	R	030	000417910	002024651	002442561	000364438	002078123	521	002024651	522	000417910	602	000263205	615	000101233	616	000000000	663	000000000	664	000000000	665	000000000	11	22
59129082	D	59122	80443	55	15	07	01	R	030	000176620	002065065	002241685	000371711	001869974	521	002065065	522	000176620	602	000268458	615	000103253	616	000000000	663	000000000	664	000000000	665	000000000	11	22
59132881	D	59106	80435	55	15	07	01	R	030	000288880	002065065	002353945	000371711	001982234	521	002065065	522	000288880	602	000268458	615	000103253	616	000000000	663	000000000	664	000000000	665	000000000	11	22
59135075	D	59106	80451	55	15	01	01	R	030	000176620	002065065	002241685	000371711	001869974	521	002065065	522	000176620	602	000268458	615	000103253	616	000000000	663	000000000	664	000000000	665	000000000	11	22
59137983	D	59106	80443	55	15	07	01	R	030	000171994	001997334	002169328	000359520	001809808	521	001997334	522	000171994	602	000259653	615	000099867	616	000000000	663	000000000	664	000000000	665	000000000	11	22
59141194	D	59106	80451	55	15	07	01	R	030	000253352	003188413	003441765	000573915	002867850	521	003188413	522	000253352	602	000414494	615	000159421	616	000000000	663	000000000	664	000000000	665	000000000	11	22
59144464	D	59122	80451	55	15	07	01	R	030	000148837	001658309	001807146	000298495	001508651	521	001658309	522	000148837	602	000215580	615	000082915	616	000000000	663	000000000	664	000000000	665	000000000	11	22
59144993	D	59106	80443	55	15	07	01	R	030	000183368	002163853	002347221	000389494	001957727	521	002163853	522	000183368	602	000281301	615	000108193	616	000000000	663	000000000	664	000000000	665	000000000	11	22
59148031	D	59106	80451	55	15	07	01	R	030	000183368	002163853	002347221	000389494	001957727	521	002163853	522	000183368	602	000281301	615	000108193	616	000000000	663	000000000	664	000000000	665	000000000	11	22
59148683	D	59106	80451	55	15	07	01	R	030	000176620	002065065	002241685	000371711	001869974	521	002065065	522	000176620	602	000268458	615	000103253	616	000000000	663	000000000	664	000000000	665	000000000	11	22
59149312	D	59122	80443	55	15	07	01	R	030	000176620	002065065	002241685	000371711	001869974	521	002065065	522	000176620	602	000268458	615	000103253	616	000000000	663	000000000	664	000000000	665	000000000	11	22
59151801	D	59106	80443	55	15	07	01	R	030	000167368	001929604	002096972	000347329	001749643	521	001929604	522	000167368	602	000250849	615	000096480	616	000000000	663	000000000	664	000000000	665	000000000	11	22
59152043	D	59106	80451	55	15	01	01	R	030	000176620	002065065	002241685	000371711	001869974	521	002065065	522	000176620	602	000268458	615	000103253	616	000000000	663	000000000	664	000000000	665	000000000	11	22
59061195	D	59106	80435	55	15	07	01	R	030	000379318	002149019	002528337	000386823	002141514	521	002149019	522	000379318	602	000279372	615	000107451	616	000000000	663	000000000	664	000000000	665	000000000	11	22
59074025	D	59106	80451	55	15	07	01	R	030	000183368	002163853	002347221	000389494	001957727	521	002163853	522	000183368	602	000281301	615	000108193	616	000000000	663	000000000	664	000000000	665	000000000	11	22
59076653	D	59114	80451	55	15	07	01	R	030	000176620	002065065	002241685	000371711	001869974	521	002065065	522	000176620	602	000268458	615	000103253	616	000000000	663	000000000	664	000000000	665	000000000	11	22
59081381	D	59106	80443	55	15	07	01	R	030	000074840	001929604	002004444	000347329	001657115	521	001929604	522	000074840	602	000250849	615	000096480	616	000000000	663	000000000	664	000000000	665	000000000	11	22
59089952	D	59106	80435	55	15	07	01	R	030	000167368	001929604	002096972	000347329	001749643	521	001929604	522	000167368	602	000250849	615	000096480	616	000000000	663	000000000	664	000000000	665	000000000	11	22
59093561	D	59114	80443	55	15	07	01	R	030	000074840	001874971	001949811	000337495	001612316	521	001874971	522	000074840	602	000243746	615	000093749	616	000000000	663	000000000	664	000000000	665	000000000	11	22
59098003	D	59106	80451	55	15	01	01	R	030	000167368	001929604	002096972	000347329	001749643	521	001929604	522	000167368	602	000250849	615	000096480	616	000000000	663	000000000	664	000000000	665	000000000	11	22
59104752	D	59106	80435	55	15	01	01	R	030	000581044	002215272	002796316	000398749	002397567	521	002215272	522	000581044	602	000287985	615	000110764	616	000000000	663	000000000	664	000000000	665	000000000	11	22
59108442	D	59106	80443	55	15	07	01	R	030	000577568	002165858	002743426	000389855	002353571	521	002165858	522	000577568	602	000281562	615	000108293	616	000000000	663	000000000	664	000000000	665	000000000	11	22
59118413	D	59106	80435	55	15	07	01	R	030	000176620	002065065	002241685	000371711	001869974	521	002065065	522	000176620	602	000268458	615	000103253	616	000000000	663	000000000	664	000000000	665	000000000	11	22
59121733	D	59106	80435	55	15	07	01	R	030	000553286	001808363	002361649	000325505	002036144	521	001808363	522	000553286	602	000235087	615	000090418	616	000000000	663	000000000	664	000000000	665	000000000	11	22
59125114	D	59106	80435	55	15	07	01	R	030	000558194	001880210	002438404	000338438	002099966	521	001880210	522	000558194	602	000244427	615	000094011	616	000000000	663	000000000	664	000000000	665	000000000	11	22
59129723	D	59106	80443	55	15	07	01	R	030	000167368	001929604	002096972	000347329	001749643	521	001929604	522	000167368	602	000250849	615	000096480	616	000000000	663	000000000	664	000000000	665	000000000	11	22
59134561	D	59106	80443	55	15	07	01	R	030	000568338	002065065	002633403	000413012	002220391	521	002065065	522	000568338	602	000268458	615	000103253	616	000041301	663	000000000	664	000000000	665	000000000	11	22
59135101	D	59106	80451	55	15	07	01	R	030	000175379	002065065	002240444	000392362	001848082	521	002065065	522	000175379	602	000268458	615	000103253	616	000020651	663	000000000	664	000000000	665	000000000	11	22
59138861	D	59122	80443	55	15	07	01	R	030	000074840	002065065	002139905	000464639	001675266	521	002065065	522	000074840	602	000268458	615	000103253	616	000000000	663	000000000	664	000000000	665	000092928	11	22
59143303	D	59106	80443	55	15	07	01	R	030	000403111	001807989	002211100	000325438	001885662	521	001807989	522	000403111	602	000235039	615	000090399	616	000000000	663	000000000	664	000000000	665	000000000	11	22
59144493	D	59106	80451	55	15	07	01	R	030	000183368	002163853	002347221	000389494	001957727	521	002163853	522	000183368	602	000281301	615	000108193	616	000000000	663	000000000	664	000000000	665	000000000	11	22
59146301	D	59122	80451	55	15	01	01	R	030	000252738	003179432	003432170	000572298	002859872	521	003179432	522	000252738	602	000413326	615	000158972	616	000000000	663	000000000	664	000000000	665	000000000	11	22
59148251	D	59106	80443	55	15	07	01	R	030	000176620	002065065	002241685	000371711	001869974	521	002065065	522	000176620	602	000268458	615	000103253	616	000000000	663	000000000	664	000000000	665	000000000	11	22
59148691	D	59106	80451	55	15	07	01	R	030	000183368	002163853	002347221	000389494	001957727	521	002163853	522	000183368	602	000281301	615	000108193	616	000000000	663	000000000	664	000000000	665	000000000	11	22
59150224	D	59106	80443	55	15	07	01	R	030	000158115	001794144	001952259	000322946	001629313	521	001794144	522	000158115	602	000233239	615	000089707	616	000000000	663	000000000	664	000000000	665	000000000	11	22
59151822	D	59122	80451	55	15	07	01	R	030	000148837	001658309	001807146	000298495	001508651	521	001658309	522	000148837	602	000215580	615	000082915	616	000000000	663	000000000	664	000000000	665	000000000	11	22
59073163	D	59114	80435	55	15	07	01	R	030	000577926	002171096	002749022	000390797	002358225	521	002171096	522	000577926	602	000282242	615	000108555	616	000000000	663	000000000	664	000000000	665	000000000	11	22
59074143	D	59106	80443	55	15	07	01	R	030	000530976	002169092	002700068	000390437	002309631	521	002169092	522	000530976	602	000281982	615	000108455	616	000000000	663	000000000	664	000000000	665	000000000	11	22
59077743	D	59106	80443	55	15	07	01	R	030	000176620	002065065	002241685	000371711	001869974	521	002065065	522	000176620	602	000268458	615	000103253	616	000000000	663	000000000	664	000000000	665	000000000	11	22
59085924	D	59106	80435	55	15	07	01	R	030	000177412	002163853	002341265	000486867	001854398	521	002163853	522	000177412	602	000281301	615	000108193	616	000000000	663	000000000	664	000000000	665	000097373	11	22
59092764	D	59106	80443	55	15	07	01	R	030	000171994	001997334	002169328	000359520	001809808	521	001997334	522	000171994	602	000259653	615	000099867	616	000000000	663	000000000	664	000000000	665	000000000	11	22
59096852	D	59114	80443	55	15	07	01	R	030	000074840	001794144	001868984	000322946	001546038	521	001794144	522	000074840	602	000233239	615	000089707	616	000000000	663	000000000	664	000000000	665	000000000	11	22
59098422	D	59114	80443	55	15	01	01	R	030	000074840	002065065	002139905	000371711	001768194	521	002065065	522	000074840	602	000268458	615	000103253	616	000000000	663	000000000	664	000000000	665	000000000	11	22
59104765	D	59106	80435	55	15	07	01	R	030	000176620	002065065	002241685	000371711	001869974	521	002065065	522	000176620	602	000268458	615	000103253	616	000000000	663	000000000	664	000000000	665	000000000	11	22
59113853	D	59106	80451	55	15	01	01	R	030	000184113	002214745	002398858	000442949	001955909	521	002214745	522	000184113	602	000287917	615	000110737	616	000044295	663	000000000	664	000000000	665	000000000	11	22